41,5
39,1
39,3
38,1
38,3
76,35
10,266
10,252
10,34
10,288
10,242
10,276
10,118
10,152
11,28
11,7
11,15
11,14
11,13
11,26
11,2
11,3
9,4
9,6
8,12
8,11
8,9
8,4
8,16
12,2
12,1
12,3
65,5
65,4
65,3
65,2
65,1
65,0
64,4
64,3
64,2
64,1
64,0
63,4
63,3
63,2
63,1
63,0
62,4
62,3
62,2
62,1
62,0
61,4
61,3
61,2
61,1
61,0
60,4
60,3
60,2
60,1
60,0
59,4
59,3
59,2
59,1
57,3
57,1
56,3
56,1
55,3
55,1
54,3
54,1
53,3
53,1
52,4
52,3
52,1
51,3
51,1
50,3
18,1
50,1
18,3
49,3
49,1
48,3
48,1
14,1
47,3
14,3
47,1
46,3
13,1
46,1
13,3
45,3
45,1
44,3
44,1
43,3
43,1
42,3
42,1
41,3
41,2
41,1
40,3
40,1
37,1
37,3
35,3
35,1
33,3
33,1
32,3
32,1
29,3
29,1
28,3
28,1
27,3
27,1
24,3
2,2
